hostName	ScerCount	SparCount	otherAmplifiedITScount	otherGrowthCount	sampleCount	site	species	hostType	latitude.x	longitude.x	latitude.y	longitude.y	elevation	circum	pH	Xannualtemp	tempseasonality	maxtemp	xprec	precdrymonth	precseasonality	
AN1	2	0	9	4	10	PYR	Ficuscarica	fig	40.2504	23.69257	40.25	23.66667	90	NA	NA	154	6907	310	478	15	38	
AN2	0	0	7	2	9	PYR	Vitisvinifera	grape	40.25023	23.69359	40.25	23.66667	85	NA	NA	154	6907	310	478	15	38	
AN3	1	0	5	1	5	PYR	Ficuscarica	fig	40.25023	23.69359	40.25	23.66667	85	NA	NA	154	6907	310	478	15	38	
AN4	0	0	3	7	10	PYR	Ficuscarica	fig	40.25023	23.69359	40.25	23.66667	85	NA	NA	154	6907	310	478	15	38	
BOB	0	0	1	8	10	PAR	Vitisvinifera	grape	38.13974	23.78445	38.125	23.75	378	NA	NA	153	6405	302	542	8	62	
CHO3	0	0	1	0	1	CHO	Quercussp.	oak	53.42394	-2.2700013	53.41667	-2.291667	34	1.14	NA	103	4710	213	894	56	17	
CR1	0	0	3	0	11	CR	Ficuscarica	fig	35.5527	23.777033	35.54167	23.75	21	NA	NA	183	5230	290	616	1	84	
CRO1	0	1	1	0	12	CRO	Quercuspetraea	oak	53.49475	-1.8944034	53.45833	-1.916667	257	2	3.5	82	4677	193	1155	74	17	
CRO10	0	0	0	0	9	CRO	Quercuspetraea	oak	53.494804	-1.8945389	53.45833	-1.916667	287	1.68	3	82	4677	193	1155	74	17	
CRO11	0	0	0	0	9	CRO	Quercuspetraea	oak	53.494633	-1.8944489	53.45833	-1.916667	281	0.85	3	82	4677	193	1155	74	17	
CRO12	0	1	0	0	9	CRO	Quercuspetraea	oak	53.494435	-1.8942233	53.45833	-1.916667	275	1.3	3	82	4677	193	1155	74	17	
CRO13	0	0	0	0	7	CRO	Quercuspetraea	oak	53.494858	-1.894373	53.45833	-1.916667	290	1.37	3.25	82	4677	193	1155	74	17	
CRO14	0	0	0	0	7	CRO	Quercuspetraea	oak	53.495127	-1.8944025	53.45833	-1.916667	300	1.22	3.25	82	4677	193	1155	74	17	
CRO15	0	0	0	0	7	CRO	Quercuspetraea	oak	53.494183	-1.8938471	53.45833	-1.916667	275	1.28	3.25	82	4677	193	1155	74	17	
CRO2	0	3	0	0	10	CRO	Quercuspetraea	oak	53.494066	-1.8936364	53.45833	-1.916667	256	2	3.5	82	4677	193	1155	74	17	
CRO3	0	2	0	1	10	CRO	Quercuspetraea	oak	53.494075	-1.8936062	53.45833	-1.916667	260	1.8	3.5	82	4677	193	1155	74	17	
CRO4	0	1	0	1	8	CRO	Quercuspetraea	oak	53.493364	-1.8931558	53.45833	-1.916667	334	1.44	4	82	4677	193	1155	74	17	
CRO5	0	0	0	1	9	CRO	Quercuspetraea	oak	53.493454	-1.8932611	53.45833	-1.916667	331	1.56	3	82	4677	193	1155	74	17	
CRO6	0	0	2	0	7	CRO	Quercuspetraea	oak	53.493877	-1.8935765	53.45833	-1.916667	325	1.63	3	82	4677	193	1155	74	17	
CRO7	0	1	0	0	9	CRO	Quercuspetraea	oak	53.494372	-1.8942385	53.45833	-1.916667	305	1.3	3	82	4677	193	1155	74	17	
CRO8	0	1	0	1	9	CRO	Quercuspetraea	oak	53.494327	-1.8941783	53.45833	-1.916667	288	1.76	NA	82	4677	193	1155	74	17	
CRO9	0	0	0	0	9	CRO	Quercuspetraea	oak	53.494579	-1.8943887	53.45833	-1.916667	288	1	3	82	4677	193	1155	74	17	
DAV1	1	1	2	0	8	DAV	Quercusrobur	oak	51.022117	0.197617	51	0.1666667	85.3	1.9	4	98	4783	216	714	45	21	
DAV10	0	0	2	1	4	DAV	Vitisvinifera	grape	51.022167	0.197367	51	0.1666667	85.5	NA	5.5	98	4783	216	714	45	21	
DAV11	0	0	2	1	6	DAV	Vitisvinifera	grape	51.022067	0.197333	51	0.1666667	85.5	NA	5.5	98	4783	216	714	45	21	
DAV2	0	0	0	0	4	DAV	Quercusrobur	oak	51.022167	0.197767	51	0.1666667	86.3	3.18	5.5	98	4783	216	714	45	21	
DAV3	0	0	0	0	4	DAV	Quercuspetraea	oak	51.022	0.197417	51	0.1666667	93.3	0.38	4	98	4783	216	714	45	21	
DAV4	0	0	0	0	4	DAV	Quercusrobur	oak	51.021933	0.197433	51	0.1666667	94.8	0.74	3.5	98	4783	216	714	45	21	
DAV5	0	0	0	0	4	DAV	Quercusrobur	oak	51.02195	0.1973	51	0.1666667	88.4	0.44	4.5	98	4783	216	714	45	21	
DAV6	0	0	0	0	4	DAV	Quercusrobur	oak	51.021783	0.19725	51	0.1666667	78.3	0.54	5.5	98	4783	216	714	45	21	
DAV7	0	0	3	0	4	DAV	Vitisvinifera	grape	51.022633	0.1979	51	0.1666667	85.5	NA	5.5	98	4783	216	714	45	21	
DAV8	1	0	0	0	4	DAV	Vitisvinifera	grape	51.02245	0.197433	51	0.1666667	85.5	NA	5.5	98	4783	216	714	45	21	
DAV9	2	0	2	0	4	DAV	Vitisvinifera	grape	51.022283	0.197417	51	0.1666667	85.5	NA	5.5	98	4783	216	714	45	21	
DAVAUX	2	0	0	0	2	DAV	Vitisvinifera	grape	51.02227783	0.197463833	51	0.1666667	85.5	NA	5.5	98	4783	216	714	45	21	
DAVPIN	1	0	2	0	2	DAV	Vitisvinifera	grape	51.02227783	0.197463833	51	0.1666667	85.5	NA	5.5	98	4783	216	714	45	21	
FGX	1	0	0	5	12	PAR	Ficuscarica	fig	38.12495	23.85544	38.08333	23.83333	351	NA	NA	156	6333	302	530	7	63	
FRI1	0	1	0	3	4	FRI	Quercuspetraea	oak	50.928117	-1.656017	50.91667	-1.666667	187.5	3.52	4.5	98	4637	214	796	45	22	
FRI10	0	0	2	2	4	FRI	Quercuspetraea	oak	50.92785	-1.657083	50.91667	-1.666667	89.9	4.12	6.5	98	4637	214	796	45	22	
FRI11	0	1	2	2	4	FRI	Quercuspetraea	oak	50.928483	-1.655183	50.91667	-1.666667	104.2	3.88	4	98	4637	214	796	45	22	
FRI12	0	1	1	2	4	FRI	Quercusrobur	oak	50.92875	-1.655667	50.91667	-1.666667	109.1	1.83	5.5	98	4637	214	796	45	22	
FRI13	0	0	0	4	4	FRI	Quercusrobur	oak	50.928883	-1.655967	50.91667	-1.666667	127.4	3.76	4.5	98	4637	214	796	45	22	
FRI14	0	1	0	2	4	FRI	Quercusrobur	oak	50.929333	-1.655383	50.91667	-1.666667	132.9	2.88	3.5	98	4637	214	796	45	22	
FRI15	0	0	0	2	4	FRI	Quercuspetraea	oak	50.929967	-1.65555	50.91667	-1.666667	133.2	2.34	4.5	98	4637	214	796	45	22	
FRI2	0	1	0	3	4	FRI	Quercusrobur	oak	50.928033	-1.655867	50.91667	-1.666667	177.4	3.73	3.5	98	4637	214	796	45	22	
FRI3	0	1	0	3	4	FRI	Quercusrobur	oak	50.928233	-1.6559	50.91667	-1.666667	103.9	NA	3.5	98	4637	214	796	45	22	
FRI4	0	1	0	2	4	FRI	Quercusrobur	oak	50.928267	-1.655633	50.91667	-1.666667	75	3.79	3.5	98	4637	214	796	45	22	
FRI5	0	0	1	3	4	FRI	Quercusrobur	oak	50.928067	-1.656	50.91667	-1.666667	113.4	2.83	4.5	98	4637	214	796	45	22	
FRI6	0	1	0	3	4	FRI	Quercusrobur	oak	50.928783	-1.6559	50.91667	-1.666667	88.1	3.4	4	98	4637	214	796	45	22	
FRI7	0	0	0	3	4	FRI	Quercusrobur	oak	50.927833	-1.65565	50.91667	-1.666667	87.2	3.21	3.5	98	4637	214	796	45	22	
FRI8	0	0	0	3	4	FRI	Quercusrobur	oak	50.928467	-1.655117	50.91667	-1.666667	87.5	NA	4.5	98	4637	214	796	45	22	
FRI9	0	0	2	3	4	FRI	Quercusrobur	oak	50.928467	-1.655117	50.91667	-1.666667	90.5	3.43	4.5	98	4637	214	796	45	22	
IGC1	0	0	2	6	11	IGC	Ficuscarica	fig	38.69225	-9.3165	38.66667	-9.333333	NA	NA	NA	161	3662	258	746	4	64	
IXI	0	0	0	7	10	PAR	Vitisvinifera	grape	38.12512	23.85559	38.125	23.83333	373	NA	NA	162	6364	309	511	7	64	
LBW1	0	0	0	1	6	LBW	Quercuspetraea	oak	53.377192	-1.6928925	53.375	-1.708333	244	1.75	5	80	4668	191	1081	71	16	
LBW2	0	7	8	1	20	LBW	Quercuspetraea	oak	53.378582	-1.6880722	53.375	-1.708333	301	2.43	5	80	4668	191	1081	71	16	
LBW4	0	0	0	0	3	LBW	Quercuspetraea	oak	53.377958	-1.6937589	53.375	-1.708333	310	NA	3.5	80	4668	191	1081	71	16	
LBW5	0	0	0	0	3	LBW	Quercuspetraea	oak	53.379146	-1.6871812	53.375	-1.708333	286	2.73	3.5	80	4668	191	1081	71	16	
MB1	0	0	0	0	4	MB	Quercuspubescens	oak	43.64687	3.20254	43.625	3.166667	280	1.13	NA	131	5786	278	714	31	21	
MB10	0	0	1	2	4	MB	Quercuspubescens	oak	43.64716	3.20309	43.625	3.166667	285	0.51	NA	131	5786	278	714	31	21	
MB11	0	1	0	1	4	MB	Quercuspubescens	oak	43.64719	3.20307	43.625	3.166667	284	NA	NA	131	5786	278	714	31	21	
MB12	0	0	0	4	4	MB	Quercusilex	oak	43.64713	3.20315	43.625	3.166667	283	0.72	NA	131	5786	278	714	31	21	
MB13	0	1	0	0	4	MB	Quercusilex	oak	43.64704	3.20321	43.625	3.166667	307	0.71	NA	131	5786	278	714	31	21	
MB14	0	0	0	0	4	MB	Quercusilex	oak	43.64703	3.20326	43.625	3.166667	302	0.86	NA	131	5786	278	714	31	21	
MB15	0	1	1	1	3	MB	Quercusilex	oak	43.64705	3.2033	43.625	3.166667	303	0.6	NA	131	5786	278	714	31	21	
MB2	0	0	0	0	4	MB	Quercuspubescens	oak	43.64687	3.20259	43.625	3.166667	280	0.84	NA	131	5786	278	714	31	21	
MB3	0	0	0	0	4	MB	Quercuspubescens	oak	43.64681	3.20262	43.625	3.166667	280	0.85	NA	131	5786	278	714	31	21	
MB4	0	4	0	0	4	MB	Quercuspubescens	oak	43.64676	3.20263	43.625	3.166667	283	1.37	NA	131	5786	278	714	31	21	
MB5	0	2	0	0	4	MB	Quercuspubescens	oak	43.647	3.20312	43.625	3.166667	292	NA	NA	131	5786	278	714	31	21	
MB6	0	0	0	1	4	MB	Quercusilex	oak	43.64702	3.20308	43.625	3.166667	294	NA	NA	131	5786	278	714	31	21	
MB7	1	0	0	2	4	MB	Quercuspubescens	oak	43.64701	3.20304	43.625	3.166667	295	NA	NA	131	5786	278	714	31	21	
MB8	0	0	0	2	4	MB	Quercuspubescens	oak	43.64704	3.20298	43.625	3.166667	293	NA	NA	131	5786	278	714	31	21	
MB9	0	0	0	3	4	MB	Quercuspubescens	oak	43.64707	3.20292	43.625	3.166667	286	0.42	NA	131	5786	278	714	31	21	
OCK1	0	1	0	1	4	OCK	Quercuspetraea	oak	50.906917	-1.646517	50.875	-1.666667	137.5	0.88	5	98	4604	214	800	45	22	
OCK10	0	0	0	1	4	OCK	Quercusrobur	oak	50.907217	-1.649033	50.875	-1.666667	110.9	1.77	5	98	4604	214	800	45	22	
OCK11	0	2	1	1	4	OCK	Quercuspetraea	oak	50.90535	-1.646633	50.875	-1.666667	114.9	2.45	3.5	98	4604	214	800	45	22	
OCK12	0	0	0	1	4	OCK	Quercuspetraea	oak	50.904417	-1.647067	50.875	-1.666667	112.5	2.45	3	98	4604	214	800	45	22	
OCK13	0	0	0	2	3	OCK	Quercuspetraea	oak	50.904533	-1.647117	50.875	-1.666667	96.6	1.49	3	98	4604	214	800	45	22	
OCK14	0	0	0	0	4	OCK	Quercusrobur	oak	50.904367	-1.647283	50.875	-1.666667	96	3	4.5	98	4604	214	800	45	22	
OCK15	0	0	1	0	4	OCK	Quercusrobur	oak	50.904467	-1.645533	50.875	-1.666667	116.1	1.95	4	98	4604	214	800	45	22	
OCK2	0	0	0	0	4	OCK	Quercusrobur	oak	50.907017	-1.64645	50.875	-1.666667	138.5	0.7	4	98	4604	214	800	45	22	
OCK3	0	0	0	0	4	OCK	Quercuspetraea	oak	50.908333	-1.648217	50.875	-1.666667	97.2	0.655	4.5	98	4604	214	800	45	22	
OCK4	0	0	0	0	4	OCK	Quercuspetraea	oak	50.908683	-1.648533	50.875	-1.666667	84.4	0.89	4	98	4604	214	800	45	22	
OCK5	0	0	2	0	4	OCK	Quercusrobur	oak	50.908517	-1.649183	50.875	-1.666667	108.8	1.21	4.5	98	4604	214	800	45	22	
OCK6	0	0	1	0	4	OCK	Quercuspetraea	oak	50.908733	-1.648433	50.875	-1.666667	110.3	1.22	4	98	4604	214	800	45	22	
OCK7	0	1	1	0	4	OCK	Quercuspetraea	oak	50.908517	-1.648833	50.875	-1.666667	103.9	0.86	4	98	4604	214	800	45	22	
OCK8	0	0	0	1	4	OCK	Quercusrobur	oak	50.908433	-1.64875	50.875	-1.666667	103	0.89	5	98	4604	214	800	45	22	
OCK9	0	0	0	0	4	OCK	Quercuspetraea	oak	50.9085	-1.6506	50.875	-1.666667	101.5	1.8	3.5	98	4604	214	800	45	22	
PAR1	0	0	0	1	4	PAR	Quercuspubescens	oak	38.17258	23.78977	38.16667	23.75	586	NA	NA	139	6333	288	599	10	61	
PAR10	0	1	0	2	4	PAR	Quercuspubescens	oak	38.18383	23.78985	38.16667	23.75	641	1.41	NA	139	6333	288	599	10	61	
PAR11	0	0	0	0	4	PAR	Quercuspubescens	oak	38.18396	23.79594	38.16667	23.79167	650	1.17	NA	152	6345	300	549	8	63	
PAR12	0	0	0	1	4	PAR	Quercuspubescens	oak	38.18417	23.79596	38.16667	23.79167	644	1.81	NA	152	6345	300	549	8	63	
PAR13	0	0	1	0	4	PAR	Quercuspubescens	oak	38.1842	23.79594	38.16667	23.79167	644	1.465	NA	152	6345	300	549	8	63	
PAR14	0	0	0	3	4	PAR	Quercuspubescens	oak	38.18419	23.796	38.16667	23.79167	644	1.44	NA	152	6345	300	549	8	63	
PAR15	0	0	0	0	4	PAR	Quercuspubescens	oak	38.18461	23.79733	38.16667	23.79167	643	1.16	NA	152	6345	300	549	8	63	
PAR2	0	0	0	2	4	PAR	Quercuspubescens	oak	38.17262	23.78981	38.16667	23.75	586	1.16	NA	139	6333	288	599	10	61	
PAR3	0	0	0	0	4	PAR	Quercuspubescens	oak	38.17258	23.78981	38.16667	23.75	586	1.12	NA	139	6333	288	599	10	61	
PAR4	0	0	0	3	4	PAR	Quercuspubescens	oak	38.17262	23.78782	38.16667	23.75	588	1.36	NA	139	6333	288	599	10	61	
PAR5	0	0	0	1	4	PAR	Quercuspubescens	oak	38.1727	23.78996	38.16667	23.75	591	0.73	NA	139	6333	288	599	10	61	
PAR6	0	0	0	4	4	PAR	Quercuspubescens	oak	38.17256	23.78952	38.16667	23.75	595	0.23	NA	139	6333	288	599	10	61	
PAR7	0	0	0	2	4	PAR	Quercusilex	oak	38.18349	23.79356	38.16667	23.79167	639	0.52	NA	152	6345	300	549	8	63	
PAR8	0	0	0	1	4	PAR	Quercuspubescens	oak	38.18386	23.7942	38.16667	23.79167	644	0.83	NA	152	6345	300	549	8	63	
PAR9	0	0	0	0	4	PAR	Quercuspubescens	oak	38.18407	23.79444	38.16667	23.79167	640	0.75	NA	152	6345	300	549	8	63	
PLU10	0	0	0	0	4	PLU	Quercuspetraea	oak	50.906483	-0.0696	50.875	-0.08333333	62.5	0.53	5.5	96	4733	215	714	45	19	
PLU11	1	0	0	0	2	PLU	Vitisvinifera	grape	50.905317	-0.072583	50.875	-0.08333333	50	NA	5	96	4733	215	714	45	19	
PLU12	1	0	0	0	2	PLU	Vitisvinifera	grape	50.905317	-0.072583	50.875	-0.08333333	50	NA	5	96	4733	215	714	45	19	
PLU13	1	0	0	0	2	PLU	Vitisvinifera	grape	50.905317	-0.072583	50.875	-0.08333333	50	NA	5	96	4733	215	714	45	19	
PLU14	0	0	0	0	2	PLU	Vitisvinifera	grape	50.905317	-0.072583	50.875	-0.08333333	50	NA	5	96	4733	215	714	45	19	
PLU15	1	1	0	0	2	PLU	Vitisvinifera	grape	50.905317	-0.072583	50.875	-0.08333333	50	NA	5	96	4733	215	714	45	19	
PLU16	0	0	0	0	2	PLU	Vitisvinifera	grape	50.905317	-0.072583	50.875	-0.08333333	50	NA	5	96	4733	215	714	45	19	
PLU17	1	0	0	0	2	PLU	Vitisvinifera	grape	50.905317	-0.072583	50.875	-0.08333333	50	NA	5	96	4733	215	714	45	19	
PLU18	0	0	0	0	2	PLU	Vitisvinifera	grape	50.905317	-0.072583	50.875	-0.08333333	50	NA	5	96	4733	215	714	45	19	
PLU19	1	0	0	0	2	PLU	Vitisvinifera	grape	50.905317	-0.072583	50.875	-0.08333333	50	NA	5	96	4733	215	714	45	19	
PLU20	0	0	1	0	1	PLU	Vitisvinifera	grape	50.905317	-0.072583	50.875	-0.08333333	50	NA	5	96	4733	215	714	45	19	
PLU21	0	1	1	1	2	PLU	Vitisvinifera	grape	50.905317	-0.072583	50.875	-0.08333333	50	NA	5	96	4733	215	714	45	19	
PLU22	2	0	0	0	2	PLU	Vitisvinifera	grape	50.905317	-0.072583	50.875	-0.08333333	50	NA	5	96	4733	215	714	45	19	
PLU27	1	0	0	1	2	PLU	Vitisvinifera	grape	50.905317	-0.072583	50.875	-0.08333333	50	NA	NA	96	4733	215	714	45	19	
PLU28	2	0	0	0	2	PLU	Vitisvinifera	grape	50.905317	-0.072583	50.875	-0.08333333	50	NA	NA	96	4733	215	714	45	19	
PLU29	1	0	0	0	2	PLU	Vitisvinifera	grape	50.905317	-0.072583	50.875	-0.08333333	50	NA	NA	96	4733	215	714	45	19	
PLU5	0	3	1	0	4	PLU	Quercusrobur	oak	50.9107	-0.069633	50.875	-0.08333333	47.3	2.73	4	96	4733	215	714	45	19	
PLU6	0	0	0	0	4	PLU	Quercusrobur	oak	50.909883	-0.070183	50.875	-0.08333333	43.3	2.6	4	96	4733	215	714	45	19	
PLU7	0	0	0	1	4	PLU	Quercusrobur	oak	50.9071	-0.0697	50.875	-0.08333333	51.5	0.79	5.5	96	4733	215	714	45	19	
PLU8	0	0	0	0	4	PLU	Quercusrobur	oak	50.90705	-0.069667	50.875	-0.08333333	51.2	0.5	5	96	4733	215	714	45	19	
PLU9	0	0	1	1	4	PLU	Quercusrobur	oak	50.906433	-0.06975	50.875	-0.08333333	47.5	0.56	5.5	96	4733	215	714	45	19	
PYR1	0	0	2	5	5	PYR	Quercuspubescens	oak	40.37258	23.69282	40.33333	23.66667	142	NA	NA	151	6923	308	483	16	36	
PYR10	0	0	3	2	6	PYR	Quercusvirgiliana	oak	40.37515	23.69257	40.375	23.66667	145	1.645	NA	147	6929	304	491	17	36	
PYR11	0	0	3	4	6	PYR	Quercusvirgiliana	oak	40.37498	23.69158	40.33333	23.66667	144	1.81	NA	151	6923	308	483	16	36	
PYR12	0	0	0	5	6	PYR	Quercuspubescens	oak	40.37634	23.69194	40.375	23.66667	150	NA	NA	147	6929	304	491	17	36	
PYR13	0	0	0	1	4	PYR	Quercuspubescens	oak	40.376944	23.692861	40.375	23.66667	161	NA	NA	147	6929	304	491	17	36	
PYR14	0	0	1	2	4	PYR	Quercuspubescens	oak	40.37584	23.69395	40.375	23.66667	147	0.415	NA	147	6929	304	491	17	36	
PYR15	0	0	0	3	4	PYR	Quercuspubescens	oak	40.375306	23.695278	40.375	23.66667	154	1.45	NA	147	6929	304	491	17	36	
PYR2	0	0	3	3	6	PYR	Quercuspubescens	oak	40.37325	23.69317	40.33333	23.66667	144	1.33	NA	151	6923	308	483	16	36	
PYR3	0	0	1	4	5	PYR	Quercuspubescens	oak	40.37351	23.69323	40.33333	23.66667	144	1.23	NA	151	6923	308	483	16	36	
PYR4	2	0	2	4	6	PYR	Quercuspubescens	oak	40.37596	23.6925	40.375	23.66667	150	NA	NA	147	6929	304	491	17	36	
PYR5	0	5	1	3	6	PYR	Quercuspubescens	oak	40.3758	23.6924	40.375	23.66667	151	NA	NA	147	6929	304	491	17	36	
PYR6	0	0	4	2	6	PYR	Quercuspubescens	oak	40.3758	23.69243	40.375	23.66667	148	NA	NA	147	6929	304	491	17	36	
PYR7	0	4	1	2	6	PYR	Quercuspubescens	oak	40.37554	23.69234	40.375	23.66667	149	NA	NA	147	6929	304	491	17	36	
PYR8	0	4	0	3	6	PYR	Quercusvirgiliana	oak	40.37535	23.69223	40.375	23.66667	147	NA	NA	147	6929	304	491	17	36	
PYR9	0	1	2	4	6	PYR	Quercuspubescens	oak	40.37548	23.6922	40.375	23.66667	147	NA	NA	147	6929	304	491	17	36	
SON1	0	0	0	1	3	SON	Ficuscarica	fig	41.711014	-7.228742	41.70833	-7.25	567	0.56	6.5	122	5576	276	934	16	49	
SON2	0	0	0	0	3	SON	Ficuscarica	fig	41.710883	-7.228683	41.70833	-7.25	567	0.33	6.5	122	5576	276	934	16	49	
SON3	0	0	0	1	3	SON	Ficuscarica	fig	41.710883	-7.228753	41.70833	-7.25	567	1.41	7.5	122	5576	276	934	16	49	
SON4	1	0	0	0	3	SON	Ficuscarica	fig	41.710836	-7.228847	41.70833	-7.25	567	0.445	6	122	5576	276	934	16	49	
SON5	0	0	0	0	3	SON	Ficuscarica	fig	41.711156	-7.229614	41.70833	-7.25	567	0.645	5	122	5576	276	934	16	49	
SON6	0	0	0	1	3	SON	Ficuscarica	fig	41.711147	-7.229589	41.70833	-7.25	567	0.92	7	122	5576	276	934	16	49	
SON7	0	0	1	0	3	SON	Ficuscarica	fig	41.711158	-7.229675	41.70833	-7.25	567	0.278	6	122	5576	276	934	16	49	
SON8	0	0	0	0	3	SON	Ficuscarica	fig	41.711114	-7.229519	41.70833	-7.25	567	0.358	6	122	5576	276	934	16	49	
TAX1	0	2	2	1	4	TAX	Quercusfrainetto	oak	40.43237	23.50122	40.41667	23.5	829	0.525	NA	115	6869	274	553	23	30	
TAX10	0	0	2	2	4	TAX	Quercusfrainetto	oak	40.43335	23.49898	40.41667	23.45833	813	0.46	NA	119	6919	280	538	23	30	
TAX11	0	0	4	1	4	TAX	Quercusfrainetto	oak	40.43406	23.49914	40.41667	23.45833	821	NA	NA	119	6919	280	538	23	30	
TAX12	0	0	4	1	4	TAX	Quercusfrainetto	oak	40.43397	23.49888	40.41667	23.45833	818	0.72	NA	119	6919	280	538	23	30	
TAX13	0	1	3	0	4	TAX	Quercusfrainetto	oak	40.43388	23.49902	40.41667	23.45833	816	NA	NA	119	6919	280	538	23	30	
TAX14	0	4	0	1	4	TAX	Quercusfrainetto	oak	40.4332	23.49548	40.41667	23.45833	796	1.31	NA	119	6919	280	538	23	30	
TAX15	0	4	0	0	4	TAX	Quercusfrainetto	oak	40.43328	23.49516	40.41667	23.45833	797	1.545	NA	119	6919	280	538	23	30	
TAX2	0	2	2	2	4	TAX	Quercusfrainetto	oak	40.43212	23.5026	40.41667	23.5	849	0.795	NA	115	6869	274	553	23	30	
TAX3	0	1	2	1	4	TAX	Quercusfrainetto	oak	40.43235	23.50295	40.41667	23.5	856	0.76	NA	115	6869	274	553	23	30	
TAX4	0	4	2	3	4	TAX	Quercusfrainetto	oak	40.43273	23.50222	40.41667	23.5	853	0.92	NA	115	6869	274	553	23	30	
TAX5	0	2	0	0	4	TAX	Quercusfrainetto	oak	40.43299	23.50173	40.41667	23.5	850	0.555	NA	115	6869	274	553	23	30	
TAX6	0	0	3	0	4	TAX	Quercusfrainetto	oak	40.43327	23.50157	40.41667	23.5	852	0.8	NA	115	6869	274	553	23	30	
TAX7	0	0	1	3	4	TAX	Quercusfrainetto	oak	40.43386	23.5008	40.41667	23.5	848	0.725	NA	115	6869	274	553	23	30	
TAX8	0	1	2	4	4	TAX	Quercusfrainetto	oak	40.43398	23.50069	40.41667	23.5	847	0.75	NA	115	6869	274	553	23	30	
TAX9	0	0	4	1	4	TAX	Quercusfrainetto	oak	40.43349	23.49853	40.41667	23.45833	807	NA	NA	119	6919	280	538	23	30	
TTP1	0	0	3	0	3	TTP	Quercusrobur	oak	53.335653	-2.387733	53.33333	-2.416667	25	3.9	7	97	4525	202	882	55	17	
TTP2	0	1	1	0	2	TTP	Quercusrobur	oak	53.335453	-2.385689	53.33333	-2.416667	64	4.02	4	97	4525	202	882	55	17	
UEA1	0	0	0	0	2	UEA	Quercusrobur	oak	52.618792	1.2353031	52.58333	1.208333	12	NA	5	101	4870	209	623	42	13	
UEA2	0	1	0	0	1	UEA	Quercusrobur	oak	52.623324	1.2392497	52.58333	1.208333	26	6.82	5	101	4870	209	623	42	13	
VEL	1	0	4	4	10	PAR	Ficuscarica	fig	38.13398	23.78009	38.125	23.75	334	NA	NA	153	6405	302	542	8	62	
